     1.0026109879286396  0.00064982904825197348                       0  0.00064995572631287597                       0                       0                       0                       0                       0                       0                       0                       0                       0                       0                       0                       0                       0                       0                       0                       0
 0.00064982904825197348      1.0026050835429379  0.00064976871780699831                       0                       0                       0                       0                       0                       0                       0                       0                       0                       0                       0                       0                       0                       0                       0                       0                       0
                      0  0.00064976871780699831       1.002605202927628  0.00064976994952515579                       0                       0                       0                       0                       0                       0                       0                       0                       0                       0                       0                       0                       0                       0                       0                       0
 0.00064995572631287597                       0  0.00064976994952515579      1.0026050787170004                       0                       0                       0                       0                       0                       0                       0                       0                       0                       0                       0                       0                       0                       0                       0                       0
                      0                       0                       0                       0      1.0026108859409075  0.00064980366529629767                       0  0.00064993033840903165 -1.6318037130672386e-05 -4.0612729081018624e-06                       0 -4.0620646150564477e-06                       0                       0                       0                       0    0.039788735772973836                       0                       0   -0.039788735772973836
                      0                       0                       0                       0  0.00064980366529629767      1.0026049817858369  0.00064974333720788872                       0 -4.0612729081018624e-06 -1.6281136161480307e-05 -4.0608958575493052e-06                       0                       0                       0                       0                       0   -0.039788735772973836    0.039788735772973836                       0                       0
                      0                       0                       0                       0                       0  0.00064974333720788872      1.0026051011658637  0.00064974456887793386                       0 -4.0608958575493052e-06 -1.6281882286647982e-05  -4.060903555487087e-06                       0                       0                       0                       0                       0   -0.039788735772973836    0.039788735772973836                       0
                      0                       0                       0                       0  0.00064993033840903165                       0  0.00064974456887793386       1.002604976960088 -4.0620646150564477e-06                       0  -4.060903555487087e-06 -1.6281106000550106e-05                       0                       0                       0                       0                       0                       0   -0.039788735772973836    0.039788735772973836
                      0                       0                       0                       0  1.6318037130672386e-05  4.0612729081018624e-06                       0  4.0620646150564477e-06      1.0026108859409075  0.00064980366529629767                       0  0.00064993033840903165   -0.039788735772973836                       0                       0    0.039788735772973836                       0                       0                       0                       0
                      0                       0                       0                       0  4.0612729081018624e-06  1.6281136161480307e-05  4.0608958575493052e-06                       0  0.00064980366529629767      1.0026049817858369  0.00064974333720788872                       0    0.039788735772973836   -0.039788735772973836                       0                       0                       0                       0                       0                       0
                      0                       0                       0                       0                       0  4.0608958575493052e-06  1.6281882286647982e-05   4.060903555487087e-06                       0  0.00064974333720788872      1.0026051011658637  0.00064974456887793386                       0    0.039788735772973836   -0.039788735772973836                       0                       0                       0                       0                       0
                      0                       0                       0                       0  4.0620646150564477e-06                       0   4.060903555487087e-06  1.6281106000550106e-05  0.00064993033840903165                       0  0.00064974456887793386       1.002604976960088                       0                       0    0.039788735772973836   -0.039788735772973836                       0                       0                       0                       0
                      0                       0                       0                       0                       0                       0                       0                       0    0.039788735772973836   -0.039788735772973836                       0                       0                       1                       0                       0                       0                       0                       0                       0                       0
                      0                       0                       0                       0                       0                       0                       0                       0                       0    0.039788735772973836   -0.039788735772973836                       0                       0                       1                       0                       0                       0                       0                       0                       0
                      0                       0                       0                       0                       0                       0                       0                       0                       0                       0    0.039788735772973836   -0.039788735772973836                       0                       0                       1                       0                       0                       0                       0                       0
                      0                       0                       0                       0                       0                       0                       0                       0   -0.039788735772973836                       0                       0    0.039788735772973836                       0                       0                       0                       1                       0                       0                       0                       0
                      0                       0                       0                       0   -0.039788735772973836    0.039788735772973836                       0                       0                       0                       0                       0                       0                       0                       0                       0                       0                       1                       0                       0                       0
                      0                       0                       0                       0                       0   -0.039788735772973836    0.039788735772973836                       0                       0                       0                       0                       0                       0                       0                       0                       0                       0                       1                       0                       0
                      0                       0                       0                       0                       0                       0   -0.039788735772973836    0.039788735772973836                       0                       0                       0                       0                       0                       0                       0                       0                       0                       0                       1                       0
                      0                       0                       0                       0    0.039788735772973836                       0                       0   -0.039788735772973836                       0                       0                       0                       0                       0                       0                       0                       0                       0                       0                       0                       1